     0.00000     1.74667 25670.25093     0.02671     0.11086   53    19.72830
     9.99990     4.63333 20103.34618     0.10196     0.82731    4    19.72830
    19.99990     4.75333 19867.65377     0.19431     0.84878    4    19.72830
    29.99990     4.74000 19809.93874     0.25934     0.84641    4    19.72830
    39.99990     4.86000 19733.22173     0.35656     0.86783    4    19.72830
    49.99990     4.91333 19702.86191     0.40824     0.87735    4    19.72830
    59.99990     4.98000 19667.09852     0.47585     0.88926    4    19.72830
    69.99990     5.11333 19593.43464     0.58934     0.91307    4    19.72830
    79.99990     5.22667 19535.00582     0.67421     0.93331    4    19.72830
    89.99990     5.23333 19521.05461     0.67081     0.93450    4    19.72830
    99.99990     5.27333 19492.27729     0.66990     0.94164    4    19.72830
   109.99990     5.12667 20048.36678     0.63418     0.91542    3     1.96740
   119.99990     4.87333 20271.00371     0.59512     0.87012    3     1.96740
   129.99990     4.97333 20379.72908     0.65038     0.88798    3     1.96740
   139.99990     4.99333 20501.89303     0.69646     0.89155    3     1.96740
   149.99990     4.92000 20511.84992     0.66587     0.87843    3     1.96740
   159.99990     4.88667 20599.18740     0.66170     0.87246    3     1.96740
   169.99990     4.84000 20675.68720     0.62968     0.86410    3     1.96740
   179.99990     4.86000 20703.85621     0.66120     0.86767    3     1.96740
   189.99990     4.84000 20663.82817     0.65016     0.86410    3     1.96740
   199.99990     4.82667 20694.47707     0.65918     0.86171    3     1.96740
   209.99990     5.50667 19276.42015     0.97244     0.98332    4    19.72830
   219.99990     5.55333 19225.27529     0.99610     0.99166    4    19.72830
   229.99990     5.55333 19226.42337     0.99050     0.99166    4    19.72830
   239.99990     5.55333 19237.85189     0.99504     0.99166    4    19.72830
   249.99990     5.53333 19209.36004     0.98942     0.98808    4    19.72830
   259.99990     5.55333 19225.06363     0.99591     0.99166    4    19.72830
   269.99990     5.55333 19240.85816     0.99302     0.99166    4    19.72830
   279.99990     5.55333 19221.14376     0.99614     0.99166    4    19.72830
   289.99990     5.55333 19215.93554     0.99464     0.99166    4    19.72830
   299.99990     5.55333 19239.95723     0.99582     0.99166    4    19.72830
   309.99990     5.55333 19229.56595     0.99256     0.99166    4    19.72830
   319.99990     5.55333 19230.92900     0.99504     0.99166    4    19.72830
   329.99990     5.55333 19240.24018     0.99350     0.99166    4    19.72830
   339.99990     5.53333 19232.13553     0.98712     0.98808    4    19.72830
   349.99990     5.55333 19227.14050     0.99490     0.99166    4    19.72830
   359.99990     5.55333 19226.12286     0.99308     0.99166    4    19.72830
   369.99990     5.55333 19223.98592     0.99370     0.99166    4    19.72830
   379.99990     5.56000 19223.66557     0.99518     0.99285    4    19.72830
   389.99990     5.56000 19217.18906     0.99495     0.99285    4    19.72830
   399.99990     5.56000 19236.04452     0.99325     0.99285    4    19.72830
   409.99990     5.56000 19224.74148     0.99456     0.99285    4    19.72830
   419.99990     5.56000 19230.66806     0.99651     0.99285    4    19.72830
   429.99990     5.56000 19205.77244     0.99434     0.99285    4    19.72830
   439.99990     5.56000 19216.46247     0.99536     0.99285    4    19.72830
   449.99990     5.56000 19216.41178     0.99410     0.99285    4    19.72830
   459.99990     5.56000 19220.87063     0.99628     0.99285    4    19.72830
   469.99990     5.56000 19220.92472     0.99504     0.99285    4    19.72830
   479.99990     5.56000 19223.77876     0.99482     0.99285    4    19.72830
   489.99990     5.56000 19233.71050     0.99283     0.99285    4    19.72830
   499.99990     5.56000 19231.29242     0.99509     0.99285    4    19.72830
   509.99990     5.56000 19217.76615     0.99581     0.99285    4    19.72830
   519.99990     5.56000 19221.76380     0.99336     0.99285    4    19.72830
   529.99990     5.56000 19222.43058     0.99355     0.99285    4    19.72830
   539.99990     5.56000 19221.21113     0.99536     0.99285    4    19.72830
   549.99990     5.55333 19212.82088     0.99086     0.99166    4    19.72830
   559.99990     5.55333 19215.14719     0.99170     0.99166    4    19.72830
   569.99990     5.54000 19222.19492     0.98873     0.98927    4    19.72830
   579.99990     5.56000 19229.32354     0.99578     0.99285    4    19.72830
   589.99990     5.56000 19229.37999     0.99515     0.99285    4    19.72830
   599.99990     5.56000 19241.66479     0.99257     0.99285    4    19.72830
   609.99990     5.56000 19217.93104     0.99439     0.99285    4    19.72830
   619.99990     5.56000 19210.33661     0.99620     0.99285    4    19.72830
   629.99990     5.56000 19226.43186     0.99423     0.99285    4    19.72830
   639.99990     5.56000 19215.15610     0.99489     0.99285    4    19.72830
   649.99990     5.56000 19217.40167     0.99625     0.99285    4    19.72830
   659.99990     5.56000 19227.16478     0.99573     0.99285    4    19.72830
   669.99990     5.56000 19230.26062     0.99374     0.99285    4    19.72830
   679.99990     5.56000 19218.87073     0.99398     0.99285    4    19.72830
   689.99990     5.56000 19237.59358     0.99528     0.99285    4    19.72830
   699.99990     5.56000 19228.66480     0.99585     0.99285    4    19.72830
   709.99990     5.56000 19229.54763     0.99452     0.99285    4    19.72830
   719.99990     5.56000 19219.66175     0.99584     0.99285    4    19.72830
   729.99990     5.56000 19221.07242     0.99558     0.99285    4    19.72830
   739.99990     5.56000 19241.32037     0.99279     0.99285    4    19.72830
   749.99990     5.56000 19237.59869     0.99526     0.99285    4    19.72830
   759.99990     5.56000 19249.57086     0.99272     0.99285    4    19.72830
   769.99990     5.56000 19216.43414     0.99478     0.99285    4    19.72830
   779.99990     5.56000 19231.51466     0.99400     0.99285    4    19.72830
   789.99990     5.56000 19239.80163     0.99536     0.99285    4    19.72830
   799.99990     5.56000 19221.17405     0.99568     0.99285    4    19.72830
   809.99990     5.56000 19231.45284     0.99379     0.99285    4    19.72830
   819.99990     5.56000 19226.65292     0.99336     0.99285    4    19.72830
   829.99990     5.56000 19241.50459     0.99525     0.99285    4    19.72830
   839.99990     5.56000 19227.21650     0.99498     0.99285    4    19.72830
   849.99990     5.56000 19219.77862     0.99470     0.99285    4    19.72830
   859.99990     5.56000 19218.97312     0.99423     0.99285    4    19.72830
   869.99990     5.56000 19220.23943     0.99453     0.99285    4    19.72830
   879.99990     5.56000 19236.54133     0.99527     0.99285    4    19.72830
   889.99990     5.56000 19208.73150     0.99617     0.99285    4    19.72830
   899.99990     5.56000 19220.07739     0.99559     0.99285    4    19.72830
   909.99990     5.56000 19225.90963     0.99566     0.99285    4    19.72830
   919.99990     5.56000 19229.47136     0.99505     0.99285    4    19.72830
   929.99990     5.56000 19220.63620     0.99560     0.99285    4    19.72830
   939.99990     5.56000 19225.05857     0.99682     0.99285    4    19.72830
   949.99990     5.56000 19235.63370     0.99483     0.99285    4    19.72830
   959.99990     5.56000 19228.67575     0.99551     0.99285    4    19.72830
   969.99990     5.56000 19221.42868     0.99487     0.99285    4    19.72830
   979.99990     5.54000 19226.21451     0.98937     0.98927    4    19.72830
   989.99990     5.56000 19220.98168     0.99480     0.99285    4    19.72830
   999.99990     5.56000 19214.86355     0.99368     0.99285    4    19.72830
