     0.00000     1.74667 25670.25093     0.02671     0.11086    4    19.72830
     9.99990     4.55333 20127.94621     0.04249     0.81305    4    19.72830
    19.99990     4.94000 19798.57766     0.12269     0.88210    4    19.72830
    29.99990     4.97333 19702.04453     0.18888     0.88806    4    19.72830
    39.99990     4.95333 19671.79855     0.12404     0.88450    4    19.72830
    49.99990     4.97333 19666.31041     0.13890     0.88807    4    19.72830
    59.99990     4.92667 19663.92368     0.12987     0.87974    4    19.72830
    69.99990     4.95333 19647.88398     0.13118     0.88450    4    19.72830
    79.99990     4.93333 19666.62138     0.13217     0.88093    4    19.72830
    89.99990     4.96667 19662.39798     0.14934     0.88688    4    19.72830
    99.99990     4.92667 19659.22363     0.12920     0.87974    4    19.72830
   109.99990     4.76667 20426.24695     0.16620     0.85103    1     0.21860
   119.99990     4.52000 20844.26173     0.16679     0.80676    1     0.21860
   129.99990     4.26000 21127.63977     0.15575     0.75992    1     0.21860
   139.99990     4.24667 21404.30919     0.17593     0.75720    1     0.21860
   149.99990     3.76000 21624.84405     0.14614     0.66880    1     0.21860
   159.99990     3.55333 21821.24890     0.15509     0.63063    1     0.21860
   169.99990     3.62000 22073.59502     0.14752     0.64032    1     0.21860
   179.99990     3.53333 22302.42107     0.16098     0.62191    1     0.21860
   189.99990     3.00000 22499.55586     0.16068     0.52399    1     0.21860
   199.99990     2.99333 22607.59656     0.12717     0.51831    1     0.21860
   209.99990     4.88667 19738.18120     0.18567     0.87259    4    19.72830
   219.99990     5.09333 19579.71001     0.40707     0.90950    4    19.72830
   229.99990     5.23333 19544.11264     0.47715     0.93450    4    19.72830
   239.99990     5.24667 19530.05398     0.50173     0.93688    4    19.72830
   249.99990     5.27333 19506.26659     0.51421     0.94164    4    19.72830
   259.99990     5.24000 19499.62070     0.50080     0.93569    4    19.72830
   269.99990     5.26000 19513.75878     0.49392     0.93926    4    19.72830
   279.99990     5.25333 19505.38180     0.47737     0.93807    4    19.72830
   289.99990     5.24667 19498.33880     0.44946     0.93688    4    19.72830
   299.99990     5.22667 19504.37214     0.42192     0.93331    4    19.72830
   309.99990     5.14000 20172.17330     0.41317     0.91779    3     1.96740
   319.99990     5.09333 20434.47720     0.42656     0.90943    3     1.96740
   329.99990     4.94000 20503.26835     0.42848     0.88201    3     1.96740
   339.99990     4.70000 20563.89758     0.43821     0.83907    3     1.96740
   349.99990     4.67333 20604.35747     0.45837     0.83429    3     1.96740
   359.99990     4.69333 20634.39216     0.44683     0.83786    3     1.96740
   369.99990     4.74667 20607.37197     0.43983     0.84741    3     1.96740
   379.99990     4.69333 20674.55755     0.48492     0.83785    3     1.96740
   389.99990     4.82667 20755.12989     0.44295     0.86170    3     1.96740
   399.99990     4.70000 20712.35144     0.48022     0.83903    3     1.96740
   409.99990     5.30000 19412.85918     0.64183     0.94641    4    19.72830
   419.99990     5.32667 19392.59349     0.67797     0.95117    4    19.72830
   429.99990     5.36000 19398.90109     0.68223     0.95713    4    19.72830
   439.99990     5.35333 19393.23041     0.68731     0.95593    4    19.72830
   449.99990     5.39333 19400.39086     0.70064     0.96308    4    19.72830
   459.99990     5.35333 19386.20243     0.71783     0.95593    4    19.72830
   469.99990     5.40667 19371.63291     0.75510     0.96546    4    19.72830
   479.99990     5.43333 19342.92364     0.79666     0.97022    4    19.72830
   489.99990     5.44000 19326.78843     0.83856     0.97141    4    19.72830
   499.99990     5.45333 19301.47674     0.87594     0.97380    4    19.72830
   509.99990     5.50667 19263.53800     0.96685     0.98332    4    19.72830
   519.99990     5.55333 19240.72246     0.98799     0.99166    4    19.72830
   529.99990     5.54000 19252.36474     0.98472     0.98927    4    19.72830
   539.99990     5.54000 19241.42781     0.98592     0.98927    4    19.72830
   549.99990     5.56667 19246.71352     0.99440     0.99404    4    19.72830
   559.99990     5.56667 19256.52295     0.99340     0.99404    4    19.72830
   569.99990     5.56667 19229.05081     0.99558     0.99404    4    19.72830
   579.99990     5.56667 19226.19018     0.99471     0.99404    4    19.72830
   589.99990     5.56667 19229.88222     0.99574     0.99404    4    19.72830
   599.99990     5.56667 19235.27589     0.99613     0.99404    4    19.72830
   609.99990     5.56667 19238.13859     0.99585     0.99404    4    19.72830
   619.99990     5.56667 19246.15962     0.99560     0.99404    4    19.72830
   629.99990     5.56667 19237.74845     0.99631     0.99404    4    19.72830
   639.99990     5.56667 19228.16575     0.99577     0.99404    4    19.72830
   649.99990     5.56667 19219.54658     0.99659     0.99404    4    19.72830
   659.99990     5.56667 19244.28829     0.99315     0.99404    4    19.72830
   669.99990     5.56667 19228.03882     0.99606     0.99404    4    19.72830
   679.99990     5.56667 19245.94469     0.99323     0.99404    4    19.72830
   689.99990     5.56667 19225.27197     0.99428     0.99404    4    19.72830
   699.99990     5.56667 19251.60836     0.99063     0.99404    4    19.72830
   709.99990     5.56667 19236.84216     0.99409     0.99404    4    19.72830
   719.99990     5.56667 19236.67406     0.99316     0.99404    4    19.72830
   729.99990     5.56667 19233.64915     0.99604     0.99404    4    19.72830
   739.99990     5.56667 19236.36041     0.99451     0.99404    4    19.72830
   749.99990     5.56667 19248.50336     0.99400     0.99404    4    19.72830
   759.99990     5.56667 19246.05333     0.99234     0.99404    4    19.72830
   769.99990     5.56667 19245.30052     0.99506     0.99404    4    19.72830
   779.99990     5.56667 19237.35849     0.99615     0.99404    4    19.72830
   789.99990     5.56667 19260.49864     0.99302     0.99404    4    19.72830
   799.99990     5.56667 19238.88332     0.99585     0.99404    4    19.72830
   809.99990     5.56667 19243.38834     0.99569     0.99404    4    19.72830
   819.99990     5.56667 19233.03788     0.99350     0.99404    4    19.72830
   829.99990     5.56667 19229.63292     0.99535     0.99404    4    19.72830
   839.99990     5.56667 19237.73772     0.99510     0.99404    4    19.72830
   849.99990     5.56667 19248.55590     0.99293     0.99404    4    19.72830
   859.99990     5.56667 19232.97809     0.99402     0.99404    4    19.72830
   869.99990     5.56667 19238.78953     0.99682     0.99404    4    19.72830
   879.99990     5.56667 19234.99535     0.99476     0.99404    4    19.72830
   889.99990     5.56667 19236.71177     0.99404     0.99404    4    19.72830
   899.99990     5.56667 19241.62941     0.99318     0.99404    4    19.72830
   909.99990     5.56667 19232.98339     0.99364     0.99404    4    19.72830
   919.99990     5.56667 19222.68573     0.99414     0.99404    4    19.72830
   929.99990     5.56667 19246.88755     0.99462     0.99404    4    19.72830
   939.99990     5.56667 19233.04388     0.99427     0.99404    4    19.72830
   949.99990     5.56667 19233.54987     0.99337     0.99404    4    19.72830
   959.99990     5.56667 19230.50532     0.99444     0.99404    4    19.72830
   969.99990     5.56667 19224.24530     0.99420     0.99404    4    19.72830
   979.99990     5.56667 19235.07796     0.99437     0.99404    4    19.72830
   989.99990     5.56667 19258.58962     0.99586     0.99404    4    19.72830
   999.99990     5.56667 19234.03282     0.99585     0.99404    4    19.72830
