     0.00000     1.74667 25670.25093     0.02671     0.11086    4    19.72830
     9.99990     4.85333 20119.68682     0.37510     0.86658    4    19.72830
    19.99990     5.07333 19777.32800     0.58823     0.90591    4    19.72830
    29.99990     5.36667 19614.15051     0.72657     0.95831    4    19.72830
    39.99990     5.32667 19535.03282     0.71843     0.95117    4    19.72830
    49.99990     5.40667 19520.28773     0.73071     0.96546    4    19.72830
    59.99990     5.44000 19532.71254     0.74856     0.97141    4    19.72830
    69.99990     5.39333 19503.69752     0.75704     0.96307    4    19.72830
    79.99990     5.38000 19511.81970     0.75877     0.96069    4    19.72830
    89.99990     5.40667 19516.07697     0.77387     0.96546    4    19.72830
    99.99990     5.40667 19512.51433     0.77469     0.96546    4    19.72830
   109.99990     5.22667 20113.99243     0.69044     0.93328    3     1.96740
   119.99990     5.16000 20313.68781     0.67753     0.92135    3     1.96740
   129.99990     5.05333 20446.50942     0.66637     0.90228    3     1.96740
   139.99990     4.88667 20534.39933     0.60047     0.87247    3     1.96740
   149.99990     5.00000 20568.38150     0.63387     0.89273    3     1.96740
   159.99990     4.95333 20575.70837     0.59598     0.88438    3     1.96740
   169.99990     4.88000 20587.18691     0.57575     0.87127    3     1.96740
   179.99990     4.92000 20622.64555     0.60641     0.87842    3     1.96740
   189.99990     4.91333 20645.54126     0.58443     0.87722    3     1.96740
   199.99990     4.86000 20650.37346     0.59162     0.86768    3     1.96740
   209.99990     5.37333 19485.98610     0.79575     0.95950    4    19.72830
   219.99990     5.35333 19414.50135     0.85582     0.95593    4    19.72830
   229.99990     5.42667 19326.84346     0.91557     0.96903    4    19.72830
   239.99990     5.55333 19238.18925     0.99623     0.99166    4    19.72830
   249.99990     5.55333 19246.79416     0.99336     0.99165    4    19.72830
   259.99990     5.55333 19247.21568     0.99535     0.99165    4    19.72830
   269.99990     5.55333 19242.91700     0.99481     0.99165    4    19.72830
   279.99990     5.55333 19237.12453     0.99530     0.99166    4    19.72830
   289.99990     5.55333 19228.73825     0.99468     0.99166    4    19.72830
   299.99990     5.55333 19238.65467     0.99546     0.99166    4    19.72830
   309.99990     5.55333 19253.89810     0.99583     0.99165    4    19.72830
   319.99990     5.55333 19226.53548     0.99521     0.99166    4    19.72830
   329.99990     5.55333 19227.83785     0.99595     0.99166    4    19.72830
   339.99990     5.55333 19245.60928     0.99262     0.99165    4    19.72830
   349.99990     5.54667 19251.71138     0.99042     0.99046    4    19.72830
   359.99990     5.55333 19230.67439     0.99387     0.99166    4    19.72830
   369.99990     5.55333 19240.42578     0.99593     0.99166    4    19.72830
   379.99990     5.55333 19249.96378     0.99539     0.99165    4    19.72830
   389.99990     5.55333 19229.43768     0.99422     0.99166    4    19.72830
   399.99990     5.55333 19243.13982     0.99614     0.99165    4    19.72830
   409.99990     5.55333 19245.97339     0.99378     0.99165    4    19.72830
   419.99990     5.55333 19239.36395     0.99524     0.99166    4    19.72830
   429.99990     5.55333 19236.88552     0.99279     0.99166    4    19.72830
   439.99990     5.55333 19229.29553     0.99587     0.99166    4    19.72830
   449.99990     5.55333 19257.87865     0.99278     0.99165    4    19.72830
   459.99990     5.55333 19250.74895     0.99547     0.99165    4    19.72830
   469.99990     5.55333 19237.35836     0.99539     0.99166    4    19.72830
   479.99990     5.55333 19224.91853     0.99463     0.99166    4    19.72830
   489.99990     5.55333 19228.42278     0.99672     0.99166    4    19.72830
   499.99990     5.55333 19238.36438     0.99497     0.99166    4    19.72830
   509.99990     5.55333 19241.15015     0.99636     0.99166    4    19.72830
   519.99990     5.55333 19244.64385     0.99485     0.99165    4    19.72830
   529.99990     5.55333 19246.43724     0.99386     0.99165    4    19.72830
   539.99990     5.55333 19236.49482     0.99360     0.99166    4    19.72830
   549.99990     5.55333 19238.32049     0.99570     0.99166    4    19.72830
   559.99990     5.55333 19240.48473     0.99523     0.99166    4    19.72830
   569.99990     5.55333 19245.09805     0.99563     0.99165    4    19.72830
   579.99990     5.55333 19247.04673     0.99483     0.99165    4    19.72830
   589.99990     5.55333 19248.11424     0.99356     0.99165    4    19.72830
   599.99990     5.55333 19232.88074     0.99511     0.99166    4    19.72830
   609.99990     5.55333 19240.67597     0.99466     0.99166    4    19.72830
   619.99990     5.55333 19244.70447     0.99440     0.99165    4    19.72830
   629.99990     5.55333 19239.66536     0.99532     0.99166    4    19.72830
   639.99990     5.55333 19235.32493     0.99715     0.99166    4    19.72830
   649.99990     5.55333 19225.82573     0.99443     0.99166    4    19.72830
   659.99990     5.55333 19245.58395     0.99359     0.99165    4    19.72830
   669.99990     5.55333 19235.67942     0.99634     0.99166    4    19.72830
   679.99990     5.55333 19232.93743     0.99613     0.99166    4    19.72830
   689.99990     5.53333 19248.81847     0.98614     0.98808    4    19.72830
   699.99990     5.55333 19231.18131     0.99555     0.99166    4    19.72830
   709.99990     5.55333 19224.34635     0.99405     0.99166    4    19.72830
   719.99990     5.55333 19244.13438     0.99410     0.99165    4    19.72830
   729.99990     5.55333 19243.91698     0.99575     0.99165    4    19.72830
   739.99990     5.55333 19245.44912     0.99531     0.99165    4    19.72830
   749.99990     5.53333 19225.04729     0.98837     0.98808    4    19.72830
   759.99990     5.55333 19253.72786     0.99280     0.99165    4    19.72830
   769.99990     5.55333 19244.33220     0.99236     0.99165    4    19.72830
   779.99990     5.55333 19236.04451     0.99461     0.99166    4    19.72830
   789.99990     5.53333 19249.99993     0.98620     0.98808    4    19.72830
   799.99990     5.53333 19244.33600     0.99106     0.98808    4    19.72830
   809.99990     5.53333 19231.07537     0.98880     0.98808    4    19.72830
   819.99990     5.55333 19261.54570     0.99235     0.99165    4    19.72830
   829.99990     5.55333 19231.96683     0.99483     0.99166    4    19.72830
   839.99990     5.55333 19250.06848     0.99436     0.99165    4    19.72830
   849.99990     5.55333 19236.25631     0.99644     0.99166    4    19.72830
   859.99990     5.55333 19232.47503     0.99469     0.99166    4    19.72830
   869.99990     5.55333 19245.03683     0.99394     0.99165    4    19.72830
   879.99990     5.55333 19232.79725     0.99584     0.99166    4    19.72830
   889.99990     5.55333 19234.79338     0.99566     0.99166    4    19.72830
   899.99990     5.55333 19247.46992     0.99411     0.99165    4    19.72830
   909.99990     5.55333 19241.31587     0.99404     0.99166    4    19.72830
   919.99990     5.55333 19234.99258     0.99517     0.99166    4    19.72830
   929.99990     5.55333 19242.93162     0.99558     0.99165    4    19.72830
   939.99990     5.55333 19236.21229     0.99354     0.99166    4    19.72830
   949.99990     5.55333 19244.04366     0.99604     0.99165    4    19.72830
   959.99990     5.55333 19241.49429     0.99466     0.99166    4    19.72830
   969.99990     5.55333 19261.12978     0.99373     0.99165    4    19.72830
   979.99990     5.55333 19236.90903     0.99584     0.99166    4    19.72830
   989.99990     5.55333 19244.26960     0.99544     0.99165    4    19.72830
   999.99990     5.55333 19236.95291     0.99354     0.99166    4    19.72830
