     0.00000     1.74667 25670.25093     0.02671     0.11086    4    19.72830
     9.99990     4.50000 20243.81696     0.20688     0.80349    4    19.72830
    19.99990     5.07333 19846.99222     0.34929     0.90590    4    19.72830
    29.99990     5.06000 19757.71221     0.36971     0.90353    4    19.72830
    39.99990     5.10667 19705.36045     0.43498     0.91187    4    19.72830
    49.99990     5.14000 19700.17958     0.41054     0.91782    4    19.72830
    59.99990     5.12667 19688.01314     0.41616     0.91544    4    19.72830
    69.99990     5.16667 19701.16061     0.47276     0.92258    4    19.72830
    79.99990     5.16667 19695.95912     0.51471     0.92258    4    19.72830
    89.99990     5.20000 19686.02913     0.56366     0.92854    4    19.72830
    99.99990     5.26667 19650.02905     0.63768     0.94045    4    19.72830
   109.99990     5.16667 20259.04893     0.56993     0.92255    3     1.96740
   119.99990     5.06667 20443.05798     0.57066     0.90466    3     1.96740
   129.99990     5.00000 20537.54006     0.51309     0.89273    3     1.96740
   139.99990     4.88667 20621.05399     0.55742     0.87245    3     1.96740
   149.99990     4.84000 20714.07376     0.52857     0.86409    3     1.96740
   159.99990     4.73333 20739.58677     0.52464     0.84499    3     1.96740
   169.99990     4.74667 20740.36545     0.54102     0.84738    3     1.96740
   179.99990     4.77333 20746.03391     0.54574     0.85215    3     1.96740
   189.99990     4.64000 20773.78560     0.51367     0.82827    3     1.96740
   199.99990     4.66000 20764.11396     0.52109     0.83186    3     1.96740
   209.99990     5.28667 19511.00409     0.72930     0.94402    4    19.72830
   219.99990     5.30000 19476.22705     0.73092     0.94641    4    19.72830
   229.99990     5.26667 19439.38202     0.74503     0.94046    4    19.72830
   239.99990     5.30667 19405.37753     0.79517     0.94760    4    19.72830
   249.99990     5.42667 19360.41907     0.85714     0.96903    4    19.72830
   259.99990     5.34000 19316.02528     0.90975     0.95356    4    19.72830
   269.99990     5.49333 19279.10686     0.97915     0.98094    4    19.72830
   279.99990     5.53333 19285.86251     0.99420     0.98808    4    19.72830
   289.99990     5.53333 19264.45912     0.99395     0.98808    4    19.72830
   299.99990     5.53333 19274.04980     0.99495     0.98808    4    19.72830
   309.99990     5.53333 19273.09694     0.99444     0.98808    4    19.72830
   319.99990     5.53333 19292.09215     0.99174     0.98808    4    19.72830
   329.99990     5.53333 19276.73987     0.99237     0.98808    4    19.72830
   339.99990     5.53333 19279.70168     0.99567     0.98808    4    19.72830
   349.99990     5.53333 19281.25628     0.99481     0.98808    4    19.72830
   359.99990     5.53333 19285.31004     0.99452     0.98808    4    19.72830
   369.99990     5.53333 19289.15799     0.99414     0.98808    4    19.72830
   379.99990     5.53333 19271.74799     0.99347     0.98808    4    19.72830
   389.99990     5.53333 19280.00224     0.99364     0.98808    4    19.72830
   399.99990     5.53333 19272.32925     0.99540     0.98808    4    19.72830
   409.99990     5.53333 19286.24718     0.99602     0.98808    4    19.72830
   419.99990     5.53333 19286.34376     0.99583     0.98808    4    19.72830
   429.99990     5.53333 19282.06237     0.99339     0.98808    4    19.72830
   439.99990     5.53333 19282.26142     0.99591     0.98808    4    19.72830
   449.99990     5.53333 19283.02461     0.99448     0.98808    4    19.72830
   459.99990     5.51333 19274.00658     0.98950     0.98451    4    19.72830
   469.99990     5.53333 19282.62336     0.99354     0.98808    4    19.72830
   479.99990     5.53333 19285.95816     0.99616     0.98808    4    19.72830
   489.99990     5.53333 19279.63695     0.99537     0.98808    4    19.72830
   499.99990     5.53333 19268.60791     0.99633     0.98808    4    19.72830
   509.99990     5.53333 19280.47689     0.99575     0.98808    4    19.72830
   519.99990     5.53333 19282.79278     0.99478     0.98808    4    19.72830
   529.99990     5.53333 19275.89503     0.99483     0.98808    4    19.72830
   539.99990     5.53333 19282.87512     0.99639     0.98808    4    19.72830
   549.99990     5.53333 19294.88197     0.99350     0.98808    4    19.72830
   559.99990     5.53333 19283.17152     0.99518     0.98808    4    19.72830
   569.99990     5.53333 19279.42018     0.99520     0.98808    4    19.72830
   579.99990     5.53333 19283.33578     0.99594     0.98808    4    19.72830
   589.99990     5.53333 19285.24573     0.99515     0.98808    4    19.72830
   599.99990     5.53333 19282.38136     0.99479     0.98808    4    19.72830
   609.99990     5.53333 19285.15052     0.99417     0.98808    4    19.72830
   619.99990     5.53333 19273.99498     0.99523     0.98808    4    19.72830
   629.99990     5.53333 19277.10600     0.99300     0.98808    4    19.72830
   639.99990     5.53333 19277.73184     0.99579     0.98808    4    19.72830
   649.99990     5.53333 19283.07870     0.99575     0.98808    4    19.72830
   659.99990     5.50667 19304.45410     0.98311     0.98332    4    19.72830
   669.99990     5.51333 19288.30983     0.98813     0.98451    4    19.72830
   679.99990     5.53333 19272.34628     0.99635     0.98808    4    19.72830
   689.99990     5.53333 19278.93810     0.99540     0.98808    4    19.72830
   699.99990     5.53333 19270.73087     0.99343     0.98808    4    19.72830
   709.99990     5.53333 19268.63654     0.99654     0.98808    4    19.72830
   719.99990     5.53333 19298.73355     0.99495     0.98808    4    19.72830
   729.99990     5.53333 19275.46995     0.99509     0.98808    4    19.72830
   739.99990     5.53333 19260.43224     0.99604     0.98808    4    19.72830
   749.99990     5.53333 19282.07249     0.99636     0.98808    4    19.72830
   759.99990     5.53333 19272.95909     0.99490     0.98808    4    19.72830
   769.99990     5.53333 19282.92802     0.99429     0.98808    4    19.72830
   779.99990     5.53333 19265.85134     0.99579     0.98808    4    19.72830
   789.99990     5.53333 19278.97788     0.99566     0.98808    4    19.72830
   799.99990     5.53333 19281.82564     0.99513     0.98808    4    19.72830
   809.99990     5.53333 19289.86844     0.99518     0.98808    4    19.72830
   819.99990     5.53333 19283.12109     0.99547     0.98808    4    19.72830
   829.99990     5.53333 19293.78218     0.99555     0.98808    4    19.72830
   839.99990     5.53333 19282.08012     0.99627     0.98808    4    19.72830
   849.99990     5.53333 19285.60327     0.99306     0.98808    4    19.72830
   859.99990     5.53333 19280.95658     0.99516     0.98808    4    19.72830
   869.99990     5.53333 19292.38247     0.99272     0.98808    4    19.72830
   879.99990     5.53333 19283.08050     0.99586     0.98808    4    19.72830
   889.99990     5.53333 19279.72962     0.99404     0.98808    4    19.72830
   899.99990     5.53333 19285.70138     0.99285     0.98808    4    19.72830
   909.99990     5.53333 19271.59701     0.99553     0.98808    4    19.72830
   919.99990     5.53333 19279.10347     0.99473     0.98808    4    19.72830
   929.99990     5.53333 19267.75694     0.99446     0.98808    4    19.72830
   939.99990     5.53333 19274.63979     0.99601     0.98808    4    19.72830
   949.99990     5.53333 19261.99328     0.99372     0.98808    4    19.72830
   959.99990     5.53333 19296.48087     0.99132     0.98808    4    19.72830
   969.99990     5.53333 19268.02107     0.99426     0.98808    4    19.72830
   979.99990     5.52667 19268.62931     0.99333     0.98689    4    19.72830
   989.99990     5.53333 19276.12189     0.99497     0.98808    4    19.72830
   999.99990     5.53333 19280.57199     0.99402     0.98808    4    19.72830
